5_Begin,5_End,3_Begin,3_End,Length,LoopSize,Energy,Comparative,IsComparativeHairpin,Label,Parent_Helix
1,2,6,7,2,3,-2.2,0,0,0,0
1,2,9,10,2,6,1.3,0,0,0,0
1,2,12,13,2,9,-2.2,0,0,0,0
1,2,22,23,2,19,-2.5,0,0,0,0
1,2,26,27,2,23,-2.5,0,0,0,0
1,2,34,35,2,31,-2.5,0,0,0,0
1,2,38,39,2,35,-2.2,0,0,0,0
1,2,42,43,2,39,1.3,0,0,0,0
1,2,45,46,2,42,-2.5,0,0,0,0
1,3,8,10,3,4,-0.2,0,0,0,0
1,3,37,39,3,33,-4.6,0,0,0,0
1,3,44,46,3,40,-4.0,1,0,0,0
1,4,36,39,4,31,-6.0,0,0,0,0
1,4,43,46,4,38,-5.4,0,0,0,0
2,3,8,9,2,4,-1.5,0,0,0,0
2,3,15,16,2,11,-1.5,0,0,0,0
2,3,16,17,2,12,-2.4,0,0,0,0
2,3,19,20,2,15,-2.4,0,0,0,0
2,3,37,38,2,33,-2.4,0,0,0,0
2,3,40,41,2,36,-2.4,0,0,0,0
2,3,44,45,2,40,-1.5,0,0,0,0
2,4,36,38,3,31,-3.8,0,0,0,0
2,4,39,41,3,34,-4.8,0,0,0,0
2,4,43,45,3,38,-2.9,0,0,0,0
3,4,25,26,2,20,-1.4,0,0,0,0
3,4,33,34,2,28,-1.4,0,0,0,0
3,4,36,37,2,31,-1.4,0,0,0,0
3,4,39,40,2,34,-2.4,0,0,0,0
3,4,43,44,2,38,-1.4,0,0,0,0
3,5,24,26,3,18,-2.7,0,0,0,0
3,5,32,34,3,26,-2.7,0,0,0,0
3,6,31,34,4,24,-3.6,0,0,0,0
4,5,24,25,2,18,-1.3,0,0,0,0
4,5,28,29,2,22,-1.3,0,0,0,0
4,5,29,30,2,23,-2.4,0,0,0,0
4,5,31,32,2,25,-1.3,0,0,0,0
4,5,32,33,2,26,-1.3,0,0,0,0
4,6,28,30,3,21,-3.3,0,0,0,0
4,6,31,33,3,24,-2.2,0,0,0,0
5,6,24,25,2,17,-0.9,0,0,0,0
5,6,28,29,2,21,-0.9,0,0,0,0
5,6,31,32,2,24,-0.9,0,0,0,0
5,6,32,33,2,25,-0.9,0,0,0,0
6,7,42,43,2,34,-2.2,1,0,0,0
7,8,25,26,2,16,-1.4,0,0,0,0
7,8,33,34,2,24,-1.4,0,0,0,0
7,8,36,37,2,27,-1.4,0,0,0,0
7,8,39,40,2,30,-2.4,0,0,0,0
7,8,43,44,2,34,-1.4,0,0,0,0
7,9,24,26,3,14,-1.9,0,0,0,0
7,9,32,34,3,22,-1.9,0,0,0,0
7,9,35,37,3,25,-3.5,0,0,0,0
7,10,34,37,4,23,-6.0,0,0,0,0
7,11,33,37,5,21,-7.0,0,0,0,0
7,12,32,37,6,19,-7.9,0,0,0,0
8,9,23,24,2,13,-2.1,0,0,0,0
8,9,24,25,2,14,-0.5,0,0,0,0
8,9,27,28,2,17,-2.1,0,0,0,0
8,9,28,29,2,18,-0.5,0,0,0,0
8,9,29,30,2,19,-1.5,0,0,0,0
8,9,30,31,2,20,-2.1,0,0,0,0
8,9,31,32,2,21,-0.5,0,0,0,0
8,9,32,33,2,22,-0.5,0,0,0,0
8,9,35,36,2,25,-2.1,0,0,0,0
8,10,22,24,3,11,-4.6,0,0,0,0
8,10,26,28,3,15,-4.6,0,0,0,0
8,10,34,36,3,23,-4.6,0,0,0,0
8,11,25,28,4,13,-5.6,0,0,0,0
8,11,33,36,4,21,-5.6,0,0,0,0
8,12,24,28,5,11,-6.5,0,0,0,0
8,12,32,36,5,19,-6.5,0,0,0,0
9,10,22,23,2,11,-2.5,0,0,0,0
9,10,26,27,2,15,-2.5,0,0,0,0
9,10,34,35,2,23,-2.5,0,0,0,0
9,10,38,39,2,27,-2.2,1,0,0,0
9,10,42,43,2,31,1.3,0,0,0,0
9,10,45,46,2,34,-2.5,0,0,0,0
9,11,25,27,3,13,-3.5,0,0,0,0
9,11,33,35,3,21,-3.5,0,0,0,0
9,12,24,27,4,11,-4.4,0,0,0,0
9,12,32,35,4,19,-4.4,0,0,0,0
10,11,25,26,2,13,-1.0,0,0,0,0
10,11,33,34,2,21,-1.0,0,0,0,0
10,11,36,37,2,24,-1.0,0,0,0,0
10,11,43,44,2,31,-1.0,0,0,0,0
10,12,24,26,3,11,-1.9,0,0,0,0
10,12,32,34,3,19,-1.9,0,0,0,0
11,12,24,25,2,11,-0.9,0,0,0,0
11,12,28,29,2,15,-0.9,0,0,0,0
11,12,31,32,2,18,-0.9,0,0,0,0
11,12,32,33,2,19,-0.9,0,0,0,0
12,13,42,43,2,28,-2.2,0,0,0,0
13,14,25,26,2,10,-2.1,0,0,0,0
13,14,33,34,2,18,-2.1,0,0,0,0
13,14,36,37,2,21,-2.1,0,0,0,0
13,14,43,44,2,28,-2.1,0,0,0,0
13,15,24,26,3,8,-2.7,0,0,0,0
13,15,32,34,3,16,-2.7,0,0,0,0
13,15,35,37,3,19,-4.2,1,0,0,0
13,16,23,26,4,6,-4.8,0,0,0,0
13,16,31,34,4,14,-3.2,0,0,0,0
14,15,23,24,2,7,-2.1,0,0,0,0
14,15,24,25,2,8,-0.6,0,0,0,0
14,15,27,28,2,11,-2.1,0,0,0,0
14,15,28,29,2,12,-0.6,0,0,0,0
14,15,30,31,2,14,-2.1,0,0,0,0
14,15,31,32,2,15,-0.6,0,0,0,0
14,15,32,33,2,16,-0.6,0,0,0,0
14,15,35,36,2,19,-2.1,0,0,0,0
14,16,23,25,3,6,-2.7,0,0,0,0
14,16,27,29,3,10,-2.7,0,0,0,0
14,16,29,31,3,12,-3.6,0,0,0,0
14,16,30,32,3,13,-2.7,0,0,0,0
14,16,31,33,3,14,-1.1,0,0,0,0
14,17,28,31,4,10,-4.9,0,0,0,0
14,17,29,32,4,11,-5.1,0,0,0,0
14,18,28,32,5,9,-6.0,0,0,0,0
14,19,27,32,6,7,-8.1,0,0,0,0
15,16,23,24,2,6,-2.1,0,0,0,0
15,16,24,25,2,7,-0.5,0,0,0,0
15,16,27,28,2,10,-2.1,0,0,0,0
15,16,28,29,2,11,-0.5,0,0,0,0
15,16,29,30,2,12,-1.5,0,0,0,0
15,16,30,31,2,13,-2.1,0,0,0,0
15,16,31,32,2,14,-0.5,0,0,0,0
15,16,32,33,2,15,-0.5,0,0,0,0
15,16,35,36,2,18,-2.1,0,0,0,0
15,17,28,30,3,10,-2.8,0,0,0,0
15,17,29,31,3,11,-4.5,0,0,0,0
15,17,31,33,3,13,-1.8,0,0,0,0
15,18,28,31,4,9,-5.4,0,0,0,0
15,19,27,31,5,7,-7.5,0,0,0,0
16,17,24,25,2,6,-1.3,0,0,0,0
16,17,28,29,2,10,-1.3,0,0,0,0
16,17,29,30,2,11,-2.4,0,0,0,0
16,17,31,32,2,13,-1.3,0,0,0,0
16,17,32,33,2,14,-1.3,0,0,0,0
16,18,28,30,3,9,-3.3,0,0,0,0
16,18,31,33,3,12,-2.2,0,0,0,0
16,19,27,30,4,7,-5.4,0,0,0,0
16,19,30,33,4,10,-4.3,0,0,0,0
16,20,29,33,5,8,-6.7,0,0,0,0
16,21,28,33,6,6,-7.6,0,0,0,0
16,22,27,33,7,4,-9.7,1,0,0,0
17,18,24,25,2,5,-0.9,0,0,0,0
17,18,28,29,2,9,-0.9,0,0,0,0
17,18,31,32,2,12,-0.9,0,0,0,0
17,18,32,33,2,13,-0.9,0,0,0,0
17,19,23,25,3,3,-3.0,0,0,0,0
17,19,27,29,3,7,-3.0,0,0,0,0
17,19,30,32,3,10,-3.0,0,0,0,0
17,19,31,33,3,11,-1.5,0,0,0,0
17,20,29,32,4,8,-5.4,0,0,0,0
17,21,28,32,5,6,-6.3,0,0,0,0
17,22,27,32,6,4,-8.4,0,0,0,0
18,19,23,24,2,3,-2.1,0,0,0,0
18,19,24,25,2,4,-0.6,0,0,0,0
18,19,27,28,2,7,-2.1,0,0,0,0
18,19,28,29,2,8,-0.6,0,0,0,0
18,19,30,31,2,10,-2.1,0,0,0,0
18,19,31,32,2,11,-0.6,0,0,0,0
18,19,32,33,2,12,-0.6,0,0,0,0
18,19,35,36,2,15,-2.1,0,0,0,0
18,20,29,31,3,8,-4.5,0,0,0,0
18,20,31,33,3,10,-1.9,0,0,0,0
18,21,28,31,4,6,-5.4,0,0,0,0
18,22,27,31,5,4,-7.5,0,0,0,0
19,20,24,25,2,3,-1.3,0,0,0,0
19,20,28,29,2,7,-1.3,0,0,0,0
19,20,29,30,2,8,-2.4,0,0,0,0
19,20,31,32,2,10,-1.3,0,0,0,0
19,20,32,33,2,11,-1.3,0,0,0,0
19,21,28,30,3,6,-3.3,0,0,0,0
19,21,31,33,3,9,-2.2,0,0,0,0
19,22,27,30,4,4,-5.4,0,0,0,0
19,22,30,33,4,7,-4.3,0,0,0,0
20,21,28,29,2,6,-0.9,0,0,0,0
20,21,31,32,2,9,-0.9,0,0,0,0
20,21,32,33,2,10,-0.9,0,0,0,0
20,22,27,29,3,4,-3.0,0,0,0,0
20,22,30,32,3,7,-3.0,0,0,0,0
20,22,31,33,3,8,-1.5,0,0,0,0
21,22,27,28,2,4,-2.1,0,0,0,0
21,22,28,29,2,5,-0.6,0,0,0,0
21,22,30,31,2,7,-2.1,0,0,0,0
21,22,31,32,2,8,-0.6,0,0,0,0
21,22,32,33,2,9,-0.6,0,0,0,0
21,22,35,36,2,12,-2.1,0,0,0,0
21,23,34,36,3,10,-5.5,0,0,0,0
22,23,34,35,2,10,-3.4,0,0,0,0
22,23,42,43,2,18,-2.5,0,0,0,0
22,23,45,46,2,21,-3.4,0,0,0,0
22,24,41,43,3,16,-4.6,0,0,0,0
22,24,44,46,3,19,-5.5,0,0,0,0
22,25,40,43,4,14,-5.9,0,0,0,0
22,26,39,43,5,12,-7.3,0,0,0,0
23,24,41,42,2,16,-2.1,0,0,0,0
23,24,44,45,2,19,-2.1,0,0,0,0
23,25,40,42,3,14,-3.4,0,0,0,0
23,26,39,42,4,12,-4.8,0,0,0,0
24,25,37,38,2,11,-1.3,0,0,0,0
24,25,40,41,2,14,-1.3,0,0,0,0
24,25,41,42,2,15,-0.6,0,0,0,0
24,25,44,45,2,18,-0.5,0,0,0,0
24,26,36,38,3,9,-1.0,0,0,0,0
24,26,39,41,3,12,-2.7,0,0,0,0
24,26,43,45,3,16,-0.2,0,0,0,0
24,27,42,45,4,14,-2.7,0,0,0,0
24,28,41,45,5,12,-4.8,0,0,0,0
24,29,40,45,6,10,-6.1,0,0,0,0
25,26,33,34,2,6,0.3,0,0,0,0
25,26,36,37,2,9,0.3,0,0,0,0
25,26,39,40,2,12,-1.4,0,0,0,0
25,26,43,44,2,16,0.3,0,0,0,0
25,27,42,44,3,14,-2.2,0,0,0,0
25,28,41,44,4,12,-4.3,0,0,0,0
25,29,40,44,5,10,-5.6,0,0,0,0
26,27,34,35,2,6,-3.4,0,0,0,0
26,27,42,43,2,14,-2.5,0,0,0,0
26,27,45,46,2,17,-3.4,0,0,0,0
26,28,41,43,3,12,-4.6,0,0,0,0
26,28,44,46,3,15,-5.5,0,0,0,0
26,29,40,43,4,10,-5.9,0,0,0,0
27,28,41,42,2,12,-2.1,0,0,0,0
27,28,44,45,2,15,-2.1,0,0,0,0
27,29,40,42,3,10,-3.4,0,0,0,0
28,29,37,38,2,7,-1.3,0,0,0,0
28,29,40,41,2,10,-1.3,0,0,0,0
28,29,41,42,2,11,-0.6,0,0,0,0
28,29,44,45,2,14,-0.5,0,0,0,0
28,30,40,42,3,9,-3.0,0,0,0,0
29,30,37,38,2,6,-2.4,0,0,0,0
29,30,40,41,2,9,-2.4,0,0,0,0
29,30,44,45,2,13,-1.5,0,0,0,0
30,31,41,42,2,9,-2.1,0,0,0,0
30,31,44,45,2,12,-2.1,0,0,0,0
30,32,40,42,3,7,-3.4,0,0,0,0
31,32,37,38,2,4,-1.3,0,0,0,0
31,32,40,41,2,7,-1.3,0,0,0,0
31,32,41,42,2,8,-0.6,0,0,0,0
31,32,44,45,2,11,-0.5,0,0,0,0
31,33,40,42,3,6,-1.9,0,0,0,0
31,34,39,42,4,4,-3.3,0,0,0,0
32,33,37,38,2,3,-1.3,0,0,0,0
32,33,40,41,2,6,-1.3,0,0,0,0
32,33,41,42,2,7,-0.6,0,0,0,0
32,33,44,45,2,10,-0.5,0,0,0,0
32,34,39,41,3,4,-2.7,0,0,0,0
32,34,43,45,3,8,-0.2,0,0,0,0
32,35,42,45,4,6,-2.7,0,0,0,0
32,36,41,45,5,4,-4.8,0,0,0,0
33,34,39,40,2,4,-1.4,0,0,0,0
33,34,43,44,2,8,0.3,0,0,0,0
33,35,42,44,3,6,-2.2,0,0,0,0
33,36,41,44,4,4,-4.3,0,0,0,0
34,35,42,43,2,6,-2.5,0,0,0,0
34,35,45,46,2,9,-3.4,0,0,0,0
34,36,41,43,3,4,-4.6,0,0,0,0
34,36,44,46,3,7,-5.5,0,0,0,0
34,37,43,46,4,5,-5.2,0,0,0,0
35,36,41,42,2,4,-2.1,0,0,0,0
35,36,44,45,2,7,-2.1,0,0,0,0
35,37,43,45,3,5,-1.8,0,0,0,0
36,37,43,44,2,5,0.3,0,0,0,0
